LogPython: [array([[-1.4096022 , -1.3693874 , -1.2084177 , -0.86766744, -1.7710161 ,
        -0.9397352 ],
       [ 5.5124297 ,  5.0605063 ,  5.5348053 ,  4.687501  ,  5.8439274 ,
         5.423456  ],
       [-2.4211402 , -1.7149211 , -2.4542298 , -1.2521261 , -1.9535551 ,
        -2.141963  ],
       [-0.9411762 , -1.6305784 , -1.3837806 , -0.55255115, -0.986433  ,
        -1.1863928 ],
       [-0.5815862 , -1.0036031 , -0.8425459 , -0.76409835, -1.0706524 ,
        -0.98165375],
       [ 6.1829076 ,  6.189529  ,  6.1336045 ,  5.942509  ,  5.1863837 ,
         5.707687  ]], dtype=float32), array([-1.4556712 ,  3.0572596 , -6.201632  ,  0.5630977 ,  0.89679044,
       -2.1601858 ], dtype=float32), array([[ 4.4477262 ,  3.2664645 ,  4.088777  ,  3.7746456 ,  3.259271  ,
         3.8800528 ],
       [ 1.7826511 ,  1.1294222 ,  0.452636  ,  1.1694813 ,  0.9255019 ,
         0.91405445],
       [-0.2414937 , -0.6192266 , -0.6767541 , -0.8251797 , -1.3460749 ,
        -0.80079615],
       [-2.6071682 , -2.4795923 , -2.0096264 , -2.1979532 , -2.7565863 ,
        -2.0493746 ],
       [-4.762459  , -4.82137   , -4.788328  , -4.4759007 , -5.1349535 ,
        -4.576352  ],
       [-0.74714375, -0.7247758 , -0.504884  ,  0.18543993,  0.37265205,
        -0.616025  ]], dtype=float32), array([-2.9956765 , -0.48032752,  1.3645464 , -1.4229678 , -1.0249177 ,
        3.538252  ], dtype=float32), array([[-1.2630968 , -2.3780563 , -1.554337  , -2.056935  , -2.130016  ,
        -2.3893359 ],
       [-2.1546957 , -2.280203  , -2.0731916 , -1.0974963 , -1.4144504 ,
        -1.7488039 ],
       [-4.0301056 , -3.8919373 , -3.896689  , -3.1122046 , -4.0289273 ,
        -3.7720902 ],
       [ 3.1880045 ,  3.5164325 ,  4.044778  ,  4.2463646 ,  3.0438528 ,
         4.1050844 ],
       [-0.31176752, -0.20036812,  1.0246837 ,  0.31233603, -0.18997331,
        -0.16704531],
       [ 2.5435193 ,  2.397476  ,  1.9277279 ,  2.6798475 ,  2.5576074 ,
         1.9366198 ]], dtype=float32), array([ 2.6483786 , -1.4553612 , -0.89717716, -5.2604303 , -0.23712587,
       -5.703748  ], dtype=float32), array([[ 0.31556475,  1.3898306 ,  0.38252228],
       [-0.7617707 , -0.50725806, -0.28055733],
       [-4.7505856 , -5.2238555 , -5.159703  ],
       [-2.1517832 , -2.6100452 , -2.380504  ],
       [ 1.1107645 ,  0.61643827, -0.0596644 ],
       [ 1.488948  ,  2.1448658 ,  0.7842841 ]], dtype=float32), array([2.0996482, 5.7821283, 0.6581168], dtype=float32)]
LogPython: [array([[-1.4096022 , -1.3693874 , -1.2084177 , -0.86766744, -1.7710161 ,
        -0.9397352 ],
       [ 5.5124297 ,  5.0605063 ,  5.5348053 ,  4.687501  ,  5.8439274 ,
         5.423456  ],
       [-2.4211402 , -1.7149211 , -2.4542298 , -1.2521261 , -1.9535551 ,
        -2.141963  ],
       [-0.9411762 , -1.6305784 , -1.3837806 , -0.55255115, -0.986433  ,
        -1.1863928 ],
       [-0.16522262, -0.5872395 , -0.42618236, -0.34773478, -0.65428877,
        -0.5652902 ],
       [ 6.1829076 ,  6.189529  ,  6.1336045 ,  5.942509  ,  5.1863837 ,
         5.707687  ]], dtype=float32), array([-1.4556712 ,  3.0572596 , -6.201632  ,  0.5630977 ,  0.89679044,
       -2.1601858 ], dtype=float32), array([[ 4.4477262 ,  3.2664645 ,  4.088777  ,  3.7746456 ,  3.259271  ,
         3.8800528 ],
       [ 1.7826511 ,  1.1294222 ,  0.452636  ,  1.1694813 ,  0.9255019 ,
         0.91405445],
       [-0.5926528 , -0.9703857 , -1.0279132 , -1.1763388 , -1.697234  ,
        -1.1519552 ],
       [-2.6071682 , -2.4795923 , -2.0096264 , -2.1979532 , -2.7565863 ,
        -2.0493746 ],
       [-4.762459  , -4.82137   , -4.788328  , -4.4759007 , -5.1349535 ,
        -4.576352  ],
       [-0.62985826, -0.6074903 , -0.3875985 ,  0.30272543,  0.48993754,
        -0.49873948]], dtype=float32), array([-2.9956765 , -0.48032752,  1.3645464 , -1.4229678 , -1.0249177 ,
        3.538252  ], dtype=float32), array([[-0.8102826 , -1.9252421 , -1.1015228 , -1.6041209 , -1.6772019 ,
        -1.9365216 ],
       [-2.1546957 , -2.280203  , -2.0731916 , -1.0974963 , -1.4144504 ,
        -1.7488039 ],
       [-4.0301056 , -3.8919373 , -3.896689  , -3.1122046 , -4.0289273 ,
        -3.7720902 ],
       [ 3.1880045 ,  3.5164325 ,  4.044778  ,  4.2463646 ,  3.0438528 ,
         4.1050844 ],
       [-0.31176752, -0.20036812,  1.0246837 ,  0.31233603, -0.18997331,
        -0.16704531],
       [ 2.5435193 ,  2.397476  ,  1.9277279 ,  2.6798475 ,  2.5576074 ,
         1.9366198 ]], dtype=float32), array([ 2.6483786 , -1.4553612 , -0.89717716, -5.2604303 , -0.28585002,
       -5.703748  ], dtype=float32), array([[ 0.31556475,  1.3898306 ,  0.38252228],
       [-0.7617707 , -0.50725806, -0.28055733],
       [-4.7505856 , -5.2238555 , -5.159703  ],
       [-2.1517832 , -2.6100452 , -2.380504  ],
       [ 1.1107645 ,  0.61643827, -0.0596644 ],
       [ 1.488948  ,  2.1448658 ,  0.7842841 ]], dtype=float32), array([2.177728 , 5.7821283, 0.6581168], dtype=float32)]
LogPython: [array([[-1.4096022 , -1.3693874 , -1.2084177 , -0.86766744, -1.7710161 ,
        -0.9397352 ],
       [ 5.5124297 ,  5.0605063 ,  5.5348053 ,  4.687501  ,  5.8439274 ,
         5.423456  ],
       [-2.4211402 , -1.7149211 , -2.4542298 , -1.2521261 , -1.9535551 ,
        -2.141963  ],
       [-0.9411762 , -1.6305784 , -1.3837806 , -0.55255115, -0.986433  ,
        -1.1863928 ],
       [-0.16522262, -0.5872395 , -0.42618236, -0.34773478, -0.65428877,
        -0.5652902 ],
       [ 6.1829076 ,  6.189529  ,  6.1336045 ,  5.942509  ,  5.1863837 ,
         5.707687  ]], dtype=float32), array([-1.4556712 ,  3.0572596 , -6.201632  ,  0.5630977 ,  0.89679044,
       -2.1601858 ], dtype=float32), array([[ 4.7620187 ,  3.580757  ,  4.4030695 ,  4.088938  ,  3.5735633 ,
         4.1943455 ],
       [ 1.7826511 ,  1.1294222 ,  0.452636  ,  1.1694813 ,  0.9255019 ,
         0.91405445],
       [-0.5926528 , -0.9703857 , -1.0279132 , -1.1763388 , -1.697234  ,
        -1.1519552 ],
       [-2.6071682 , -2.4795923 , -2.0096264 , -2.1979532 , -2.7565863 ,
        -2.0493746 ],
       [-4.762459  , -4.82137   , -4.788328  , -4.4759007 , -5.1349535 ,
        -4.576352  ],
       [-0.6063234 , -0.58395547, -0.3640637 ,  0.32626024,  0.5134724 ,
        -0.47520468]], dtype=float32), array([-2.9956765 , -0.48032752,  1.3645464 , -1.1388454 , -1.0249177 ,
        3.538252  ], dtype=float32), array([[-0.8102826 , -1.9252421 , -1.1015228 , -1.6041209 , -1.6772019 ,
        -1.9365216 ],
       [-2.1546957 , -2.280203  , -2.0731916 , -1.0974963 , -1.4144504 ,
        -1.7488039 ],
       [-4.0301056 , -3.8919373 , -3.896689  , -3.1122046 , -4.0289273 ,
        -3.7720902 ],
       [ 3.1880045 ,  3.5164325 ,  4.044778  ,  4.2463646 ,  3.0438528 ,
         4.1050844 ],
       [-0.31176752, -0.20036812,  1.0246837 ,  0.31233603, -0.18997331,
        -0.16704531],
       [ 2.461604  ,  2.3155608 ,  1.8458129 ,  2.5979323 ,  2.4756923 ,
         1.8547047 ]], dtype=float32), array([ 2.6483786 , -1.4553612 , -0.89717716, -5.2604303 , -0.28585002,
       -5.703748  ], dtype=float32), array([[ 0.20234428,  1.2766101 ,  0.26930183],
       [-0.7617707 , -0.50725806, -0.28055733],
       [-4.7505856 , -5.2238555 , -5.159703  ],
       [-2.1517832 , -2.6100452 , -2.380504  ],
       [ 1.1530497 ,  0.6587234 , -0.01737924],
       [ 1.488948  ,  2.1448658 ,  0.7842841 ]], dtype=float32), array([2.177728 , 5.7821283, 1.1064578], dtype=float32)]
LogPython: [array([[-1.4096022 , -1.3693874 , -1.2084177 , -0.86766744, -1.7710161 ,
        -0.9397352 ],
       [ 5.5124297 ,  5.0605063 ,  5.5348053 ,  4.687501  ,  5.8439274 ,
         5.423456  ],
       [-2.4211402 , -1.7149211 , -2.4542298 , -1.2521261 , -1.9535551 ,
        -2.141963  ],
       [-0.9411762 , -1.6305784 , -1.3837806 , -0.55255115, -0.986433  ,
        -1.1863928 ],
       [-0.16522262, -0.5872395 , -0.42618236, -0.34773478, -0.65428877,
        -0.5652902 ],
       [ 6.1829076 ,  6.189529  ,  6.1336045 ,  5.942509  ,  5.1863837 ,
         5.707687  ]], dtype=float32), array([-1.4556712 ,  3.0572596 , -6.4094324 ,  0.5630977 ,  0.89679044,
       -2.1601858 ], dtype=float32), array([[ 4.7620187 ,  3.580757  ,  4.4030695 ,  4.088938  ,  3.5735633 ,
         4.1943455 ],
       [ 1.7826511 ,  1.1294222 ,  0.452636  ,  1.1694813 ,  0.9255019 ,
         0.91405445],
       [-0.5926528 , -0.9703857 , -1.0279132 , -1.1763388 , -1.697234  ,
        -1.1519552 ],
       [-2.6071682 , -2.4795923 , -2.0096264 , -2.1979532 , -2.7565863 ,
        -2.0493746 ],
       [-4.762459  , -4.82137   , -4.788328  , -4.4759007 , -5.1349535 ,
        -4.576352  ],
       [-0.6063234 , -0.58395547, -0.3640637 ,  0.32626024,  0.5134724 ,
        -0.47520468]], dtype=float32), array([-2.5383706, -0.6542049,  1.3645464, -1.1388454, -1.0249177,
        3.538252 ], dtype=float32), array([[-0.8102826 , -1.9252421 , -1.1015228 , -1.6041209 , -1.6772019 ,
        -1.9365216 ],
       [-2.1546957 , -2.280203  , -2.0731916 , -1.0974963 , -1.4144504 ,
        -1.7488039 ],
       [-4.0301056 , -3.8919373 , -3.896689  , -3.1122046 , -4.0289273 ,
        -3.7720902 ],
       [ 3.0718367 ,  3.4002647 ,  3.92861   ,  4.1301966 ,  2.927685  ,
         3.9889166 ],
       [-0.31176752, -0.20036812,  1.0246837 ,  0.31233603, -0.18997331,
        -0.16704531],
       [ 2.461604  ,  2.3155608 ,  1.8458129 ,  2.5979323 ,  2.4756923 ,
         1.8547047 ]], dtype=float32), array([ 2.6483786 , -1.4553612 , -0.89717716, -5.2604303 , -0.28585002,
       -5.703748  ], dtype=float32), array([[ 0.20234428,  1.2766101 ,  0.26930183],
       [-0.7617707 , -0.50725806, -0.28055733],
       [-4.7505856 , -5.2238555 , -5.159703  ],
       [-2.1517832 , -2.6100452 , -2.380504  ],
       [ 1.1530497 ,  0.6587234 , -0.01737924],
       [ 1.488948  ,  2.1448658 ,  0.7842841 ]], dtype=float32), array([2.3156397, 5.7821283, 1.5836204], dtype=float32)]